1.000000000000000056e-01 1.092134685808730676e-09 6.736975329047456133e+28
1.263848202934297893e-01 1.380292460021578242e-09 6.526330771497853352e+28
1.597312280060254330e-01 1.744480145122033007e-09 6.333046588479702049e+28
2.018760254679038968e-01 2.204758096467045387e-09 6.142753077295455169e+28
2.551406520031288538e-01 2.786479558124718047e-09 5.957818405917715311e+28
3.224590545296394661e-01 3.521687182049081387e-09 5.777047484577860413e+28
4.075392965871776907e-01 4.450878016329483751e-09 5.602736336056600374e+28
5.150678076168124786e-01 5.625234182417791473e-09 5.434867836368241556e+28
6.509675230458170647e-01 7.109442112533310418e-09 5.273325059939827570e+28
8.227241341700469723e-01 8.985255637790640770e-09 5.118635285846461076e+28
1.039798418481489906e+00 1.135599919072697015e-08 4.971962168472042194e+28
1.314147362611756797e+00 1.435225916972362950e-08 4.833639960583348118e+28
1.660882782627715715e+00 1.813907695970250603e-08 4.704909748815280231e+28
2.099103720108554505e+00 2.292503981840694040e-08 4.590182218515478900e+28
2.652948464431897246e+00 2.897377037669084593e-08 4.506022026316209989e+28
3.352924149249558283e+00 3.661844762281171675e-08 4.477994266033157001e+28
4.237587160604063818e+00 4.628015922233429935e-08 4.519315357495785502e+28
5.355666917706899177e+00 5.849109606466036598e-08 4.625046566883009148e+28
6.768750009458534223e+00 7.392386664897839100e-08 4.783206827745459041e+28
8.554672535565684299e+00 9.342854601826605696e-08 4.983232059410219725e+28
1.081180751076607827e+01 1.180794999879498532e-07 5.216787234699390112e+28
1.366448349295325748e+01 1.492345638631509012e-07 5.478180392328871944e+28
1.726983290659435966e+01 1.886098353541270877e-07 5.763878340612484416e+28
2.182644728397487199e+01 2.383742014680471683e-07 6.072305590466419155e+28
2.758531617629184041e+01 3.012688061512898322e-07 6.403526793208424113e+28
3.486365227678087564e+01 3.807580392544691417e-07 6.758611237574721972e+28
4.406236427773573183e+01 4.812203636645474382e-07 7.138884967206788181e+28
5.568813990945272963e+01 6.081894918328278359e-07 7.545160811166779244e+28
7.038135554931561444e+01 7.686591962964436882e-07 7.978879446514826444e+28
8.895134973108235954e+01 9.714685439081815909e-07 8.442193281009163816e+28
1.124210035062087343e+02 1.227788773425554813e-06 8.937572884278433569e+28
1.420830832533922319e+02 1.551738634876792250e-06 9.467772577792818195e+28
1.795714494371640910e+02 1.961162085112755715e-06 1.003612575511585724e+29
2.269510536694670861e+02 2.478611176932638083e-06 1.064619426130207638e+29
2.868316813342011642e+02 3.132588281739176886e-06 1.130197484506778550e+29
3.625117049988535314e+02 3.959116070409101650e-06 1.200780542069077114e+29
4.581597669054490893e+02 5.003721730794839515e-06 1.276846707659939455e+29
5.790443980602489091e+02 6.323944717448354900e-06 1.358949286214085378e+29
7.318242219076181527e+02 7.992506166602952623e-06 1.447718628035223563e+29
9.249147277217334704e+02 1.010131455560242987e-05 1.543862930924157221e+29
1.168951816498577728e+03 1.276652824837219184e-05 1.648185739223696325e+29
1.477377652598512668e+03 1.613495378441516786e-05 1.761571809977792454e+29
1.867181091291920666e+03 2.039213234486104666e-05 1.885041840048649357e+29
2.359833466782193682e+03 2.577255981805098555e-05 2.019757546177384973e+29
2.982471286216893986e+03 3.257260341106047672e-05 2.167028289869212995e+29
3.769390975388363586e+03 4.116682628596035393e-05 2.328335473081374232e+29
4.763938010401340762e+03 5.202861942201937053e-05 2.505385527084624960e+29
6.020894493336138112e+03 6.575627715767178450e-05 2.700081331246512820e+29
7.609496685459883338e+03 8.310595271737306262e-05 2.914665333063965658e+29
9.617248711152964461e+03 1.050333089949946256e-04 3.151623998806985216e+29
1.215474250076288445e+04 1.327461588215669743e-04 3.413856803205542323e+29
1.536174946671829639e+04 1.677709942730682031e-04 3.704661994721474746e+29
1.941491945743881661e+04 2.120370696165175097e-04 4.027831987269105859e+29
2.453751106639821955e+04 2.679826693902906984e-04 4.387634484070099194e+29
3.101168926574781653e+04 3.386894151264547323e-04 4.789004760724381471e+29
3.919406774847221095e+04 4.280520086604379815e-04 5.237613764814211778e+29
4.953535208959180454e+04 5.409927619079118837e-04 5.739898430567551487e+29
6.260516572014828125e+04 6.837327299377766099e-04 6.303293343966489303e+29
7.912342618981326814e+04 8.641343820192199862e-04 6.936224549500317431e+29
1.000000000000000000e+05 1.092134685808730582e-03 7.648393725269922727e+29
