1.000000000000000056e-01 1.092134685808730676e-09 1.231696632747402991e+29
1.263848202934297893e-01 1.380292460021578242e-09 1.193155347075625260e+29
1.597312280060254330e-01 1.744480145122033007e-09 1.155349322017059629e+29
2.018760254679038968e-01 2.204758096467045387e-09 1.118688432005246616e+29
2.551406520031288538e-01 2.786479558124718047e-09 1.083104397708213702e+29
3.224590545296394661e-01 3.521687182049081387e-09 1.048642824970837460e+29
4.075392965871776907e-01 4.450878016329483751e-09 1.015433772766325203e+29
5.150678076168124786e-01 5.625234182417791473e-09 9.834795147583372139e+28
6.509675230458170647e-01 7.109442112533310418e-09 9.528876861838774801e+28
8.227241341700469723e-01 8.985255637790640770e-09 9.237810282330803350e+28
1.039798418481489906e+00 1.135599919072697015e-08 8.961882294292779733e+28
1.314147362611756797e+00 1.435225916972362950e-08 8.705879936990085180e+28
1.660882782627715715e+00 1.813907695970250603e-08 8.493017378154566118e+28
2.099103720108554505e+00 2.292503981840694040e-08 8.372433529849069131e+28
2.652948464431897246e+00 2.897377037669084593e-08 8.382343620397018141e+28
3.352924149249558283e+00 3.661844762281171675e-08 8.520635903949321311e+28
4.237587160604063818e+00 4.628015922233429935e-08 8.765495923841434983e+28
5.355666917706899177e+00 5.849109606466036598e-08 9.094241065169425631e+28
6.768750009458534223e+00 7.392386664897839100e-08 9.489491097920966080e+28
8.554672535565684299e+00 9.342854601826605696e-08 9.938418119965648920e+28
1.081180751076607827e+01 1.180794999879498532e-07 1.043278394384978862e+29
1.366448349295325748e+01 1.492345638631509012e-07 1.096724775962893589e+29
1.726983290659435966e+01 1.886098353541270877e-07 1.154003118935466654e+29
2.182644728397487199e+01 2.383742014680471683e-07 1.215136121441151683e+29
2.758531617629184041e+01 3.012688061512898322e-07 1.280337049177660575e+29
3.486365227678087564e+01 3.807580392544691417e-07 1.349785083473099239e+29
4.406236427773573183e+01 4.812203636645474382e-07 1.423610043536303613e+29
5.568813990945272963e+01 6.081894918328278359e-07 1.502021697792877691e+29
7.038135554931561444e+01 7.686591962964436882e-07 1.585379591871712583e+29
8.895134973108235954e+01 9.714685439081815909e-07 1.674057028425980517e+29
1.124210035062087343e+02 1.227788773425554813e-06 1.768495057324906472e+29
1.420830832533922319e+02 1.551738634876792250e-06 1.869202516426859350e+29
1.795714494371640910e+02 1.961162085112755715e-06 1.976715090999381609e+29
2.269510536694670861e+02 2.478611176932638083e-06 2.091632193194281244e+29
2.868316813342011642e+02 3.132588281739176886e-06 2.214589589354406377e+29
3.625117049988535314e+02 3.959116070409101650e-06 2.346331268307050760e+29
4.581597669054490893e+02 5.003721730794839515e-06 2.487596638771363741e+29
5.790443980602489091e+02 6.323944717448354900e-06 2.639336016056479634e+29
7.318242219076181527e+02 7.992506166602952623e-06 2.802559300299441039e+29
9.249147277217334704e+02 1.010131455560242987e-05 2.978364938121692296e+29
1.168951816498577728e+03 1.276652824837219184e-05 3.168046268452727115e+29
1.477377652598512668e+03 1.613495378441516786e-05 3.373033233881240531e+29
1.867181091291920666e+03 2.039213234486104666e-05 3.594971212101444839e+29
2.359833466782193682e+03 2.577255981805098555e-05 3.835634120854524382e+29
2.982471286216893986e+03 3.257260341106047672e-05 4.097109817744117201e+29
3.769390975388363586e+03 4.116682628596035393e-05 4.381749023039924901e+29
4.763938010401340762e+03 5.202861942201937053e-05 4.692153224253567186e+29
6.020894493336138112e+03 6.575627715767178450e-05 5.031307852544102032e+29
7.609496685459883338e+03 8.310595271737306262e-05 5.402602036556795824e+29
9.617248711152964461e+03 1.050333089949946256e-04 5.809966029768798834e+29
1.215474250076288445e+04 1.327461588215669743e-04 6.257781433349616430e+29
1.536174946671829639e+04 1.677709942730682031e-04 6.751121958764542071e+29
1.941491945743881661e+04 2.120370696165175097e-04 7.295775126885028203e+29
2.453751106639821955e+04 2.679826693902906984e-04 7.898269700753451138e+29
3.101168926574781653e+04 3.386894151264547323e-04 8.566128422500247214e+29
3.919406774847221095e+04 4.280520086604379815e-04 9.308029619720125568e+29
4.953535208959180454e+04 5.409927619079118837e-04 1.013381595509660317e+30
6.260516572014828125e+04 6.837327299377766099e-04 1.105487935912599141e+30
7.912342618981326814e+04 8.641343820192199862e-04 1.208419313803387990e+30
1.000000000000000000e+05 1.092134685808730582e-03 1.323656933008839390e+30
